      1000      1.102501
      2000      2.175275
      3000      3.268194
      4000      4.459017
      5000      6.130268
      6000      6.802789
      7000      7.994316
      8000      9.309291
      9000     10.043792
     10000     11.493398
     11000     12.230897
     12000     13.566296
     13000     14.289474
     14000     15.647597
     15000     16.571704
     16000     17.887113
     17000     18.817829
     18000     19.902683
     19000     21.919265
     20000     22.268326
     21000     23.947436
     22000     24.729637
     23000     25.788625
     24000     26.681955
     25000     28.130181
     26000     29.196568
     27000     31.203484
     28000     34.783231
     29000     34.799088
     30000     36.322938
